{
  "schemaVersion": 1,
  "fixtureId": "math/pca-v1",
  "sources": [
    {
      "path": "src/services/ml/pca.ts",
      "sha256": "b359b80ca82fe2db2d0a5ca57b0f3c435cae06035af3a849090d94cb47e791f6"
    },
    {
      "path": "src/services/ml/__tests__/pca.test.ts",
      "sha256": "9319d72d62e10db6b0aa9ff5ff62de096beb48567789305164a9daffeefc50e3"
    }
  ],
  "generator": {
    "path": "scripts/oracles/generate-pca.ts",
    "sha256": "ec86aceacf42ad00ea9b678b2f81e7cf6ecc0a0cdee57324df0966c12221cc46",
    "command": "npx tsx scripts/oracles/generate-pca.ts --write"
  },
  "environment": {
    "os": "win32",
    "arch": "x64",
    "node": "24.15.0",
    "packageLockSha256": "cef95e334f993f2752776beeb27d737385afdd0530dc8703b53fbacd8056391f",
    "backend": "ml-pca 4.1.1 center=true scale=false",
    "endianness": "le",
    "threads": 1,
    "graphOptimization": "all",
    "rng": "seedrandom 3.0.5 ARC4 where applicable",
    "seedEncoding": "JavaScript Number.prototype.toString"
  },
  "tolerances": {
    "numeric": {
      "absolute": 0.000002,
      "relative": 0.000002
    },
    "iterative": {
      "absolute": 0.0002
    },
    "exact": [
      "ids",
      "labels",
      "shapes",
      "assignments",
      "decisionsAwayFromThreshold"
    ]
  },
  "adversarialCases": [
    {
      "id": "multiple-fit-replaces-state",
      "first": {
        "rows": [
          [
            1,
            2,
            3
          ],
          [
            2,
            1,
            4
          ],
          [
            4,
            3,
            2
          ],
          [
            5,
            7,
            6
          ]
        ],
        "requestedComponents": 2,
        "state": {
          "components": [
            [
              0.48394599858504633,
              0.7859228936745569,
              0.38486552931086626
            ],
            [
              -0.5610114732481912,
              -0.05889653272730081,
              0.8257101945093058
            ]
          ],
          "mean": [
            3,
            3.25,
            3.75
          ],
          "nComponents": 2,
          "nFeatures": 3,
          "explainedVariance": [
            0.827061460168855,
            0.13601257732273087
          ]
        }
      },
      "second": {
        "rows": [
          [
            10,
            -2
          ],
          [
            12,
            -1
          ],
          [
            15,
            4
          ],
          [
            18,
            8
          ],
          [
            20,
            9
          ]
        ],
        "requestedComponents": 1,
        "state": {
          "components": [
            [
              0.6330820700660008,
              0.7740846804846012
            ]
          ],
          "mean": [
            15,
            3.6
          ],
          "nComponents": 1,
          "nFeatures": 2,
          "explainedVariance": [
            0.9944643800776888
          ]
        },
        "transformed": [
          [
            -7.50028456104377
          ],
          [
            -5.460035740427168
          ],
          [
            0.3096338721938404
          ],
          [
            5.305218804330249
          ],
          [
            7.345467624946851
          ]
        ]
      }
    }
  ],
  "invalidCases": [
    {
      "id": "empty",
      "input": [],
      "requestedComponents": 1,
      "nativeError": "EmptyData",
      "typescript": {
        "ok": false,
        "errorName": "Error",
        "errorMessage": "Cannot fit PCA on empty data"
      }
    },
    {
      "id": "empty-width",
      "input": [
        []
      ],
      "requestedComponents": 1,
      "nativeError": "EmptyData",
      "typescript": {
        "ok": false,
        "errorName": "Error",
        "errorMessage": "Cannot fit PCA on empty data"
      }
    },
    {
      "id": "zero-components",
      "input": [
        [
          1
        ],
        [
          2
        ]
      ],
      "requestedComponents": 0,
      "nativeError": "InvalidComponentCount",
      "typescript": {
        "ok": false,
        "errorName": "Error",
        "errorMessage": "nComponents must be positive"
      }
    },
    {
      "id": "negative-components",
      "input": [
        [
          1
        ],
        [
          2
        ]
      ],
      "requestedComponents": -1,
      "nativeError": "InvalidComponentCount",
      "typescript": {
        "ok": false,
        "errorName": "Error",
        "errorMessage": "nComponents must be positive"
      }
    },
    {
      "id": "ragged",
      "input": [
        [
          1,
          2
        ],
        [
          3
        ]
      ],
      "requestedComponents": 1,
      "nativeError": "RaggedData",
      "typescript": {
        "ok": false,
        "errorName": "RangeError",
        "errorMessage": "Inconsistent array dimensions"
      }
    },
    {
      "id": "nan",
      "input": [
        [
          "NaN"
        ]
      ],
      "requestedComponents": 1,
      "nativeError": "NonFiniteValue",
      "typescript": {
        "ok": false,
        "errorName": "Error",
        "errorMessage": "nComponents must be positive"
      }
    },
    {
      "id": "corrupt-state-zero-components",
      "state": {
        "components": [
          [
            0.5179940581081242,
            0.712839223171335,
            0.4728027048073697
          ],
          [
            0.3211942541188201,
            0.3501978721594256,
            -0.8798839136250107
          ],
          [
            0.7927902666441684,
            -0.6076361511986412,
            0.04755944565246501
          ]
        ],
        "mean": [
          3.5,
          3.5,
          3.5
        ],
        "nComponents": 0,
        "nFeatures": 3,
        "explainedVariance": [
          0.6867370836305486,
          0.17492792041954566,
          0.13833499594990567
        ]
      },
      "nativeError": "InvalidState",
      "typescript": {
        "ok": true,
        "value": {
          "outputDimension": 0,
          "transformed": [
            []
          ],
          "serialized": {
            "components": [
              [
                0.5179940581081242,
                0.712839223171335,
                0.4728027048073697
              ],
              [
                0.3211942541188201,
                0.3501978721594256,
                -0.8798839136250107
              ],
              [
                0.7927902666441684,
                -0.6076361511986412,
                0.04755944565246501
              ]
            ],
            "mean": [
              3.5,
              3.5,
              3.5
            ],
            "nComponents": 0,
            "nFeatures": 3
          }
        }
      }
    },
    {
      "id": "corrupt-state-component-count",
      "state": {
        "components": [
          [
            0.5179940581081242,
            0.712839223171335,
            0.4728027048073697
          ],
          [
            0.3211942541188201,
            0.3501978721594256,
            -0.8798839136250107
          ],
          [
            0.7927902666441684,
            -0.6076361511986412,
            0.04755944565246501
          ]
        ],
        "mean": [
          3.5,
          3.5,
          3.5
        ],
        "nComponents": 2,
        "nFeatures": 3,
        "explainedVariance": [
          0.6867370836305486,
          0.17492792041954566,
          0.13833499594990567
        ]
      },
      "nativeError": "InvalidState",
      "typescript": {
        "ok": true,
        "value": {
          "outputDimension": 2,
          "transformed": [
            [
              -2.6006453324309975,
              -0.888340486723683
            ]
          ],
          "serialized": {
            "components": [
              [
                0.5179940581081242,
                0.712839223171335,
                0.4728027048073697
              ],
              [
                0.3211942541188201,
                0.3501978721594256,
                -0.8798839136250107
              ],
              [
                0.7927902666441684,
                -0.6076361511986412,
                0.04755944565246501
              ]
            ],
            "mean": [
              3.5,
              3.5,
              3.5
            ],
            "nComponents": 2,
            "nFeatures": 3
          }
        }
      }
    },
    {
      "id": "corrupt-state-width",
      "state": {
        "components": [
          [
            0.712839223171335,
            0.4728027048073697
          ],
          [
            0.3211942541188201,
            0.3501978721594256,
            -0.8798839136250107
          ],
          [
            0.7927902666441684,
            -0.6076361511986412,
            0.04755944565246501
          ]
        ],
        "mean": [
          3.5,
          3.5,
          3.5
        ],
        "nComponents": 3,
        "nFeatures": 3,
        "explainedVariance": [
          0.6867370836305486,
          0.17492792041954566,
          0.13833499594990567
        ]
      },
      "nativeError": "InvalidState",
      "typescript": {
        "ok": true,
        "value": {
          "outputDimension": 3,
          "transformed": [
            [
              "NaN",
              -0.888340486723683,
              -1.0943011626386916
            ]
          ],
          "serialized": {
            "components": [
              [
                0.712839223171335,
                0.4728027048073697
              ],
              [
                0.3211942541188201,
                0.3501978721594256,
                -0.8798839136250107
              ],
              [
                0.7927902666441684,
                -0.6076361511986412,
                0.04755944565246501
              ]
            ],
            "mean": [
              3.5,
              3.5,
              3.5
            ],
            "nComponents": 3,
            "nFeatures": 3
          }
        }
      }
    },
    {
      "id": "corrupt-state-mean-width",
      "state": {
        "components": [
          [
            0.5179940581081242,
            0.712839223171335,
            0.4728027048073697
          ],
          [
            0.3211942541188201,
            0.3501978721594256,
            -0.8798839136250107
          ],
          [
            0.7927902666441684,
            -0.6076361511986412,
            0.04755944565246501
          ]
        ],
        "mean": [
          3.5,
          3.5
        ],
        "nComponents": 3,
        "nFeatures": 3,
        "explainedVariance": [
          0.6867370836305486,
          0.17492792041954566,
          0.13833499594990567
        ]
      },
      "nativeError": "InvalidState",
      "typescript": {
        "ok": true,
        "value": {
          "outputDimension": 3,
          "transformed": [
            [
              "NaN",
              "NaN",
              "NaN"
            ]
          ],
          "serialized": {
            "components": [
              [
                0.5179940581081242,
                0.712839223171335,
                0.4728027048073697
              ],
              [
                0.3211942541188201,
                0.3501978721594256,
                -0.8798839136250107
              ],
              [
                0.7927902666441684,
                -0.6076361511986412,
                0.04755944565246501
              ]
            ],
            "mean": [
              3.5,
              3.5
            ],
            "nComponents": 3,
            "nFeatures": 3
          }
        }
      }
    },
    {
      "id": "corrupt-state-explained-width",
      "state": {
        "components": [
          [
            0.5179940581081242,
            0.712839223171335,
            0.4728027048073697
          ],
          [
            0.3211942541188201,
            0.3501978721594256,
            -0.8798839136250107
          ],
          [
            0.7927902666441684,
            -0.6076361511986412,
            0.04755944565246501
          ]
        ],
        "mean": [
          3.5,
          3.5,
          3.5
        ],
        "nComponents": 3,
        "nFeatures": 3,
        "explainedVariance": [
          0.17492792041954566,
          0.13833499594990567
        ]
      },
      "nativeError": "InvalidState",
      "typescript": {
        "ok": true,
        "value": {
          "outputDimension": 3,
          "transformed": [
            [
              -2.6006453324309975,
              -0.888340486723683,
              -1.0943011626386916
            ]
          ],
          "serialized": {
            "components": [
              [
                0.5179940581081242,
                0.712839223171335,
                0.4728027048073697
              ],
              [
                0.3211942541188201,
                0.3501978721594256,
                -0.8798839136250107
              ],
              [
                0.7927902666441684,
                -0.6076361511986412,
                0.04755944565246501
              ]
            ],
            "mean": [
              3.5,
              3.5,
              3.5
            ],
            "nComponents": 3,
            "nFeatures": 3
          }
        }
      }
    },
    {
      "id": "corrupt-state-component-nan",
      "state": {
        "components": [
          [
            "NaN",
            0.712839223171335,
            0.4728027048073697
          ],
          [
            0.3211942541188201,
            0.3501978721594256,
            -0.8798839136250107
          ],
          [
            0.7927902666441684,
            -0.6076361511986412,
            0.04755944565246501
          ]
        ],
        "mean": [
          3.5,
          3.5,
          3.5
        ],
        "nComponents": 3,
        "nFeatures": 3,
        "explainedVariance": [
          0.6867370836305486,
          0.17492792041954566,
          0.13833499594990567
        ]
      },
      "nativeError": "NonFiniteState",
      "typescript": {
        "ok": true,
        "value": {
          "outputDimension": 3,
          "transformed": [
            [
              "NaN",
              -0.888340486723683,
              -1.0943011626386916
            ]
          ],
          "serialized": {
            "components": [
              [
                "NaN",
                0.712839223171335,
                0.4728027048073697
              ],
              [
                0.3211942541188201,
                0.3501978721594256,
                -0.8798839136250107
              ],
              [
                0.7927902666441684,
                -0.6076361511986412,
                0.04755944565246501
              ]
            ],
            "mean": [
              3.5,
              3.5,
              3.5
            ],
            "nComponents": 3,
            "nFeatures": 3
          }
        }
      }
    },
    {
      "id": "corrupt-state-mean-infinity",
      "state": {
        "components": [
          [
            0.5179940581081242,
            0.712839223171335,
            0.4728027048073697
          ],
          [
            0.3211942541188201,
            0.3501978721594256,
            -0.8798839136250107
          ],
          [
            0.7927902666441684,
            -0.6076361511986412,
            0.04755944565246501
          ]
        ],
        "mean": [
          "+Infinity",
          3.5,
          3.5
        ],
        "nComponents": 3,
        "nFeatures": 3,
        "explainedVariance": [
          0.6867370836305486,
          0.17492792041954566,
          0.13833499594990567
        ]
      },
      "nativeError": "NonFiniteState",
      "typescript": {
        "ok": true,
        "value": {
          "outputDimension": 3,
          "transformed": [
            [
              "-Infinity",
              "-Infinity",
              "-Infinity"
            ]
          ],
          "serialized": {
            "components": [
              [
                0.5179940581081242,
                0.712839223171335,
                0.4728027048073697
              ],
              [
                0.3211942541188201,
                0.3501978721594256,
                -0.8798839136250107
              ],
              [
                0.7927902666441684,
                -0.6076361511986412,
                0.04755944565246501
              ]
            ],
            "mean": [
              "+Infinity",
              3.5,
              3.5
            ],
            "nComponents": 3,
            "nFeatures": 3
          }
        }
      }
    },
    {
      "id": "corrupt-state-explained-negative",
      "state": {
        "components": [
          [
            0.5179940581081242,
            0.712839223171335,
            0.4728027048073697
          ],
          [
            0.3211942541188201,
            0.3501978721594256,
            -0.8798839136250107
          ],
          [
            0.7927902666441684,
            -0.6076361511986412,
            0.04755944565246501
          ]
        ],
        "mean": [
          3.5,
          3.5,
          3.5
        ],
        "nComponents": 3,
        "nFeatures": 3,
        "explainedVariance": [
          -1,
          0.17492792041954566,
          0.13833499594990567
        ]
      },
      "nativeError": "NonFiniteState",
      "typescript": {
        "ok": true,
        "value": {
          "outputDimension": 3,
          "transformed": [
            [
              -2.6006453324309975,
              -0.888340486723683,
              -1.0943011626386916
            ]
          ],
          "serialized": {
            "components": [
              [
                0.5179940581081242,
                0.712839223171335,
                0.4728027048073697
              ],
              [
                0.3211942541188201,
                0.3501978721594256,
                -0.8798839136250107
              ],
              [
                0.7927902666441684,
                -0.6076361511986412,
                0.04755944565246501
              ]
            ],
            "mean": [
              3.5,
              3.5,
              3.5
            ],
            "nComponents": 3,
            "nFeatures": 3
          }
        }
      }
    }
  ],
  "cases": [
    {
      "id": "tall-nondegenerate",
      "requestedComponents": 3,
      "rows": [
        [
          1,
          2,
          3
        ],
        [
          2,
          1,
          4
        ],
        [
          3,
          5,
          2
        ],
        [
          4,
          2,
          1
        ],
        [
          5,
          7,
          6
        ],
        [
          6,
          4,
          5
        ]
      ],
      "state": {
        "components": [
          [
            0.5179940581081242,
            0.712839223171335,
            0.4728027048073697
          ],
          [
            0.3211942541188201,
            0.3501978721594256,
            -0.8798839136250107
          ],
          [
            0.7927902666441684,
            -0.6076361511986412,
            0.04755944565246501
          ]
        ],
        "mean": [
          3.5,
          3.5,
          3.5
        ],
        "nComponents": 3,
        "nFeatures": 3,
        "explainedVariance": [
          0.6867370836305486,
          0.17492792041954566,
          0.13833499594990567
        ]
      },
      "transformed": [
        [
          -2.6006453324309975,
          -0.888340486723683,
          -1.0943011626386916
        ],
        [
          -2.322687792686839,
          -1.7972280183892995,
          0.353684700856583
        ],
        [
          0.10105774849188587,
          1.6845255516172444,
          -1.3791885285987435
        ],
        [
          -1.9922685677213647,
          1.8350101028827985,
          1.1889507459888835
        ],
        [
          4.453935130280283,
          -0.49222585032630706,
          -0.8186425150978289
        ],
        [
          2.3606088140670325,
          -0.3417412990607531,
          1.7494967594897977
        ]
      ],
      "loadedTransform": [
        [
          -2.6006453324309975,
          -0.888340486723683,
          -1.0943011626386916
        ],
        [
          -2.322687792686839,
          -1.7972280183892995,
          0.353684700856583
        ],
        [
          0.10105774849188587,
          1.6845255516172444,
          -1.3791885285987435
        ],
        [
          -1.9922685677213647,
          1.8350101028827985,
          1.1889507459888835
        ],
        [
          4.453935130280283,
          -0.49222585032630706,
          -0.8186425150978289
        ],
        [
          2.3606088140670325,
          -0.3417412990607531,
          1.7494967594897977
        ]
      ]
    },
    {
      "id": "wide-clamped",
      "requestedComponents": 9,
      "rows": [
        [
          1,
          2,
          3,
          4,
          5,
          6
        ],
        [
          2,
          4,
          1,
          5,
          3,
          7
        ],
        [
          4,
          1,
          5,
          2,
          6,
          3
        ],
        [
          8,
          3,
          2,
          7,
          1,
          4
        ]
      ],
      "state": {
        "components": [
          [
            -0.6355975825605448,
            -0.18102867372274775,
            0.24113009206301336,
            -0.47121962202181056,
            0.5296924629027938,
            0.04978527493800061
          ],
          [
            0.5435514961303347,
            -0.3148036310691436,
            0.4371831990981645,
            -0.23611546620759077,
            0.1889767894245283,
            -0.568206436977637
          ],
          [
            -0.2206589019094063,
            -0.6159465007536595,
            0.2725373684150203,
            0.7030044141513815,
            0.02090974152935549,
            0.05468561444951414
          ]
        ],
        "mean": [
          3.75,
          2.5,
          2.75,
          4.5,
          3.75,
          5
        ],
        "nComponents": 3,
        "nFeatures": 6,
        "explainedVariance": [
          0.6065495887385556,
          0.3811903018486651,
          0.012260109412779226
        ]
      },
      "transformed": [
        [
          2.846200876496024,
          -1.4419967161424887,
          0.7122401570169699
        ],
        [
          -0.11453351052544108,
          -3.5846943623810543,
          -0.5695159376876113
        ],
        [
          2.9254728687955773,
          3.743654834286609,
          -0.3378712412494988
        ],
        [
          -5.657140234766159,
          1.2830362442369343,
          0.1951470219201403
        ]
      ],
      "loadedTransform": [
        [
          2.846200876496024,
          -1.4419967161424887,
          0.7122401570169699
        ],
        [
          -0.11453351052544108,
          -3.5846943623810543,
          -0.5695159376876113
        ],
        [
          2.9254728687955773,
          3.743654834286609,
          -0.3378712412494988
        ],
        [
          -5.657140234766159,
          1.2830362442369343,
          0.1951470219201403
        ]
      ]
    },
    {
      "id": "mean-offset",
      "requestedComponents": 2,
      "rows": [
        [
          101,
          -48,
          1003
        ],
        [
          102,
          -44,
          1001
        ],
        [
          104,
          -49,
          1005
        ],
        [
          108,
          -43,
          1002
        ]
      ],
      "state": {
        "components": [
          [
            0.6564332786397609,
            0.7060359114038608,
            -0.2657228678574235
          ],
          [
            -0.7093628315916223,
            0.4578347275359033,
            -0.5359027294373867
          ]
        ],
        "mean": [
          103.75,
          -46,
          1002.75
        ],
        "nComponents": 2,
        "nFeatures": 3,
        "explainedVariance": [
          0.691481788102253,
          0.30748498264225405
        ]
      },
      "transformed": [
        [
          -3.28369405603142,
          0.9011026494458078
        ],
        [
          0.7283286039386312,
          3.0948841868725725
        ],
        [
          -2.5518758672308453,
          -2.756626031739736
        ],
        [
          5.1072413193236335,
          -1.2393608045786448
        ]
      ],
      "loadedTransform": [
        [
          -3.28369405603142,
          0.9011026494458078
        ],
        [
          0.7283286039386312,
          3.0948841868725725
        ],
        [
          -2.5518758672308453,
          -2.756626031739736
        ],
        [
          5.1072413193236335,
          -1.2393608045786448
        ]
      ]
    },
    {
      "id": "rank-deficient",
      "requestedComponents": 2,
      "rows": [
        [
          1,
          2,
          3
        ],
        [
          2,
          4,
          6
        ],
        [
          3,
          6,
          9
        ],
        [
          4,
          8,
          12
        ],
        [
          5,
          10,
          15
        ]
      ],
      "state": {
        "components": [
          [
            0.26726124191242434,
            0.5345224838248487,
            0.8017837257372732
          ],
          [
            -0.9636241116594316,
            0.14824986333222015,
            0.2223747949983303
          ]
        ],
        "mean": [
          3,
          6,
          9
        ],
        "nComponents": 2,
        "nFeatures": 3,
        "explainedVariance": [
          1,
          0
        ]
      },
      "transformed": [
        [
          -7.483314773547882,
          8.881784197001252e-16
        ],
        [
          -3.741657386773941,
          4.440892098500626e-16
        ],
        [
          0,
          0
        ],
        [
          3.741657386773941,
          -4.440892098500626e-16
        ],
        [
          7.483314773547882,
          -8.881784197001252e-16
        ]
      ],
      "loadedTransform": [
        [
          -7.483314773547882,
          8.881784197001252e-16
        ],
        [
          -3.741657386773941,
          4.440892098500626e-16
        ],
        [
          0,
          0
        ],
        [
          3.741657386773941,
          -4.440892098500626e-16
        ],
        [
          7.483314773547882,
          -8.881784197001252e-16
        ]
      ]
    },
    {
      "id": "near-equal-eigenvalues",
      "requestedComponents": 2,
      "rows": [
        [
          1,
          0.001,
          0
        ],
        [
          -1,
          -0.001,
          0
        ],
        [
          0,
          1,
          0.001
        ],
        [
          0,
          -1,
          -0.001
        ],
        [
          0.001,
          0,
          1
        ],
        [
          -0.001,
          0,
          -1
        ]
      ],
      "state": {
        "components": [
          [
            -0.5773502691896274,
            -0.577350269189625,
            -0.577350269189625
          ],
          [
            -0.8164965809277249,
            0.4082482904638641,
            0.4082482904638641
          ]
        ],
        "mean": [
          0,
          0,
          0
        ],
        "nComponents": 2,
        "nFeatures": 3,
        "explainedVariance": [
          0.33399999933333396,
          0.3330000003333331
        ]
      },
      "transformed": [
        [
          -0.577927619458817,
          -0.8160883326372611
        ],
        [
          0.577927619458817,
          0.8160883326372611
        ],
        [
          -0.5779276194588145,
          0.408656538754328
        ],
        [
          0.5779276194588145,
          -0.408656538754328
        ],
        [
          -0.5779276194588145,
          0.4074317938829364
        ],
        [
          0.5779276194588145,
          -0.4074317938829364
        ]
      ],
      "loadedTransform": [
        [
          -0.577927619458817,
          -0.8160883326372611
        ],
        [
          0.577927619458817,
          0.8160883326372611
        ],
        [
          -0.5779276194588145,
          0.408656538754328
        ],
        [
          0.5779276194588145,
          -0.408656538754328
        ],
        [
          -0.5779276194588145,
          0.4074317938829364
        ],
        [
          0.5779276194588145,
          -0.4074317938829364
        ]
      ]
    },
    {
      "id": "repeated-eigenvalues",
      "requestedComponents": 2,
      "rows": [
        [
          1,
          0,
          0
        ],
        [
          -1,
          0,
          0
        ],
        [
          0,
          1,
          0
        ],
        [
          0,
          -1,
          0
        ],
        [
          0,
          0,
          1
        ],
        [
          0,
          0,
          -1
        ]
      ],
      "state": {
        "components": [
          [
            -1,
            0,
            0
          ],
          [
            0,
            -1,
            0
          ]
        ],
        "mean": [
          0,
          0,
          0
        ],
        "nComponents": 2,
        "nFeatures": 3,
        "explainedVariance": [
          0.33333333333333337,
          0.33333333333333337
        ]
      },
      "transformed": [
        [
          -1,
          0
        ],
        [
          1,
          0
        ],
        [
          0,
          -1
        ],
        [
          0,
          1
        ],
        [
          0,
          0
        ],
        [
          0,
          0
        ]
      ],
      "loadedTransform": [
        [
          -1,
          0
        ],
        [
          1,
          0
        ],
        [
          0,
          -1
        ],
        [
          0,
          1
        ],
        [
          0,
          0
        ],
        [
          0,
          0
        ]
      ]
    },
    {
      "id": "square-one-component",
      "requestedComponents": 1,
      "rows": [
        [
          3,
          1,
          2
        ],
        [
          1,
          4,
          0
        ],
        [
          2,
          0,
          5
        ]
      ],
      "state": {
        "components": [
          [
            -0.17746777837078262,
            0.6285609278986644,
            -0.7572425949187674
          ]
        ],
        "mean": [
          2,
          1.6666666666666667,
          2.3333333333333335
        ],
        "nComponents": 1,
        "nFeatures": 3,
        "explainedVariance": [
          0.9068294533113755
        ]
      },
      "transformed": [
        [
          -0.3440941986636363
        ],
        [
          3.4110093316114565
        ],
        [
          -3.06691513294782
        ]
      ],
      "loadedTransform": [
        [
          -0.3440941986636363
        ],
        [
          3.4110093316114565
        ],
        [
          -3.06691513294782
        ]
      ]
    }
  ]
}
